2209
2385
2909
3526
9960
9965
9978
9984
10036
10099
10104
10674
11028
11031
11036
11928
11929
13575
13579
13582
13595
13596
13598
13599
13602
15493
16980
16987
16998
17000
17002
17003
17007
17011
17013
17024
17025
17027
17028
17031
21978
21979
21986
21987
21992
21993
22000
23330
23331
23337
23338
23647
23648
23649
23650
23939
24045
24046
24091
24092
24093
24094
24145
24146
24626
25007
25008
25037
25038
25046
25048
25050
25052
25075
25076
25077
25078
25089
25090
26885
28173
28174
29769
29770
29771
29772
32401