2012
2845
2907
2933
2936
2939
3484
3485
3486
3487
3490
3492
3748
9960
9965
9978
9984
10036
10037
10038
10099
10104
10674
11001
11002
11126
11128
11515
11516
11517
11518
11519
11520
11521
11668
11669
11670
11671
13032
13033
13035
13036
13037
13038
13039
13040
13041
13042
13043
13044
13045
13046
13047
13048
13049
13050
13051
13052
13536
13538
13541
13544
13557
13561
13564
13573
13580
13584
13589
13603
13609
13615
13622
13635
13654
13659
13661
13667
14357
15343
15349
15350
15351
15352
15493
15970
15973
15977
15984
15988
16010
16040
16114
16607
16608
16609
16611
16628
16702
16703
16890
16894
16895
16897
16939
16942
16943
16951
16983
16985
16990
16999
17035
17040
17041
17043
17060
17061
17069
17079
17141
17165
17166
17284
17412
17622
17742
17823
17824
17851
18070
18071
18072
18565
18577
18584
18641
19423
19424
19589
19662
19681
19731
19769
20173
20174
20279
20335
20441
20463
20464
20468
20472
20482
20483
20485
20486
20489
20491
20492
21060
21130
21452
21490
21515
21643
21647
21649
21651
21658
21670
21754
21757
21758
21760
21762
21763
21765
21766
21779
21780
21781
21782
21787
21788
21795
21859
21882
21886
22041
22075
22076
22088
22091
22094
22237
22239
22260
22261
22262
22266
22268
22270
22276
22284
22285
22666
22667
22668
22670
22671
22672
23233
23235
23275
23276
23278
23279
23596
23598
23609
23616
23623
23665
23667
23670
23671
24265
24307
24582
24584
24628
24811
24812
24813
24814
24923
24924
24925
24926
25033
25034
25035
25036
25137
25138
25139
25140
25681
25687
25690
25692
25825
26863
27293
30195
30196
30199
30207
30214
30215
30217
32380
32391
32400